1	G	1.1	0.06
2	A	0.14	0.06
3	M	-1.3	0.06
4	G	1.1	0.06
5	M	-1.3	0.06
6	K	-0.1	0.06
7	N	0.41	0.06
8	A	0.14	0.06
9	P	0.25	0.06
10	L	-0.68	0.06
11	T	0.08	0.06
12	L	-0.68	0.02
13	N	0.51	0.02
14	F	0.71	0.11
15	G	1.1	0.11
16	S	0.34	0.18
17	V	-0.4	0.2
18	R	-0.41	0.23
19	L	0.29	0.21
20	P	0.44	0.22
21	V	-0.4	0.26
22	S	0.17	0.24
23	A	0.14	0.28
24	D	0.51	0.25
25	G	1.1	0.23
26	L	0.29	0.19
27	L	0.29	0.23
28	H	1.04	0.26
29	A	-0.25	0.28
30	P	0.44	0.28
31	T	0.08	0.27
32	A	-0.25	0.34
33	Q	0.1	0.35
34	Q	-0.03	0.35
35	Q	0.25	0.31
36	L	0.29	0.27
37	G	1.1	0.22
38	L	0.29	0.22
39	T	0.08	0.22
40	Q	0.25	0.28
41	S	0.17	0.28
42	W	1.12	0.29
43	E	0.28	0.32
44	A	0.14	0.32
45	A	-0.25	0.3
46	L	0.29	0.32
47	V	-0.8	0.33
48	E	0.28	0.31
49	H	1.04	0.35
50	G	1.1	0.35
51	L	0.29	0.4
52	P	0.44	0.4
53	E	0.28	0.36
54	T	0.08	0.33
55	Y	-0.43	0.32
56	R	0.71	0.31
57	D	0.51	0.3
58	F	0.71	0.31
59	G	1.1	0.3
60	A	0.14	0.28
61	G	1.1	0.26
62	P	0.25	0.21
63	E	0.28	0.2
64	A	-0.25	0.2
65	A	-0.25	0.18
66	V	-0.4	0.24
67	S	0.17	0.19
68	V	-0.74	0.18
69	P	0.25	0.17
70	D	0.51	0.12
71	F	0.71	0.13
72	V	-0.74	0.05
73	A	0.14	0.03
74	L	0.29	0.03
75	A	-0.25	0.05
76	F	0.71	0.12
77	A	-0.25	0.14
78	L	0.29	0.15
79	D	0.51	0.22
80	T	0.08	0.2
81	P	0.25	0.19
82	E	-0.46	0.17
83	A	-0.25	0.17
84	R	0.24	0.13
85	R	0.24	0.12
86	W	1.12	0.17
87	Q	0.1	0.14
88	K	0.47	0.11
89	R	0.71	0.1
90	A	-0.25	0.13
91	R	0.24	0.15
92	E	0.28	0.1
93	L	-0.68	0.13
94	L	-0.68	0.12
95	A	0.14	0.12
96	R	0.71	0.11
97	A	0.14	0.07
98	M	-0.83	0.02
99	Q	-0.03	-0.01
100	G	1.1	-0.03
101	D	0.51	0.01
102	V	-0.8	0.03
103	R	0.24	0.02
104	V	-0.4	0.07
105	A	0.14	0.11
106	A	0.14	0.13
107	Q	0.25	0.09
108	I	-0.94	0.09
109	A	-0.25	0.11
110	E	0.28	0.17
111	R	0.71	0.08
112	N	0.51	0.06
113	P	0.25	0.09
114	E	0.28	0.11
115	P	0.25	0.1
116	D	0.51	0.11
117	A	-0.25	0.11
118	R	0.24	0.1
119	R	-0.41	0.2
120	W	1.12	0.2
121	L	-0.68	0.22
122	A	0.14	0.19
123	A	-0.25	0.18
124	R	0.71	0.18
125	L	-0.68	0.14
126	E	0.28	0.13
127	S	0.17	0.11
128	T	0.08	0.11
129	G	1.1	0.1
130	A	-0.25	0.13
131	R	0.71	0.13
132	R	0.24	0.21
133	E	0.28	0.26
134	L	0.29	0.27
135	L	-0.68	0.29
136	A	0.14	0.3
137	T	0.08	0.27
138	V	-0.4	0.32
139	A	0.14	0.37
140	R	0.24	0.33
141	H	1.04	0.36
142	G	1.1	0.38
143	G	1.1	0.37
144	E	0.04	0.33
145	G	1.1	0.33
146	R	-0.41	0.38
147	V	-0.4	0.39
148	Y	1.25	0.39
149	G	1.1	0.39
150	Q	0.25	0.4
151	L	0.29	0.44
152	G	1.1	0.41
153	S	0.17	0.38
154	I	-0.54	0.34
155	S	0.17	0.34
156	N	0.51	0.3
157	R	0.24	0.3
158	T	0.08	0.35
159	V	-0.4	0.29
160	L	0.29	0.25
161	G	1.1	0.27
162	K	0.47	0.31
163	D	0.51	0.22
164	S	0.17	0.21
165	A	0.14	0.24
166	S	0.17	0.24
167	V	-0.4	0.25
168	R	0.71	0.26
169	Q	-0.03	0.31
170	E	0.28	0.34
171	R	0.71	0.33
172	G	1.1	0.29
173	V	-0.74	0.27
174	K	-0.1	0.23
175	A	0.14	0.23
176	T	0.08	0.19
177	R	0.71	0.22
178	D	0.51	0.25
179	G	1.1	0.21
180	L	0.29	0.19
181	T	0.08	0.15
182	S	0.17	0.08
183	A	0.14	0.03
184	E	-0.46	0.03
185	L	0.29	0.04
186	L	-0.68	0.02
187	R	0.71	0.02
188	L	0.29	-0.02
189	A	-0.25	-0.07
190	Y	-0.43	-0.11
191	I	-0.54	-0.11
192	D	-0.83	-0.11
193	T	0.08	-0.11
194	V	-0.74	-0.13
195	T	0.08	-0.1
196	A	-0.25	-0.06
197	R	0.24	-0
198	A	-0.25	-0.03
199	I	-0.54	-0.04
200	Q	0.25	-0.05
201	E	0.28	-0.02
202	S	0.17	0.01
203	E	0.04	0.06
204	A	-0.25	0.11
205	R	0.24	0.16
206	G	1.1	0.17
207	N	0.51	0.14
208	A	0.14	0.12
209	A	0.14	0.11
210	I	-0.54	0.15
211	L	0.29	0.12
212	T	0.08	0.14
213	L	0.29	0.15
214	H	1.04	0.16
215	E	0.28	0.15
216	Q	0.25	0.15
217	V	-0.74	0.11
218	A	-0.25	0.09
219	R	-0.41	0.14
220	S	0.34	0.13
221	E	-0.46	0.12
222	R	0.71	0.1
223	Q	0.25	0.08
224	S	0.34	0.03
225	W	-0.42	0.03
226	E	0.28	0.03
227	R	0.24	0.03
228	A	0.14	0.03
229	G	1.1	0.03
230	Q	-0.03	0.03
231	V	-0.8	0.03
232	Q	-0.03	0.03
233	R	-0.41	0.03
234	V	-0.8	0.03
235	G	1.1	0.03